0.00,0.50
,0.00,0.50
,0.00,0.50
,0.00,0.50
,0.00,0.50
,0.00,0.50
,0.01,0.50
,0.03,0.50
,0.06,0.50
,0.09,0.50
,0.12,0.50
,0.15,0.50
,0.19,0.50
,0.22,0.50
,0.26,0.50
,0.30,0.50
,0.34,0.50
,0.37,0.50
,0.39,0.50
,0.40,0.50
,0.41,0.50
,0.42,0.50
,0.43,0.50
,0.44,0.50
,0.44,0.50
,0.44,0.50
,0.45,0.50
,0.47,0.50
,0.47,0.50
,0.47,0.50
,0.47,0.50
,0.47,0.50
,0.48,0.50
,0.48,0.50
,0.47,0.50
,0.47,0.50
,0.47,0.50
,0.46,0.50
,0.46,0.50
,0.46,0.50
,0.45,0.50
,0.46,0.50
,0.45,0.50
,0.45,0.50
,0.45,0.50
,0.45,0.50
,0.45,0.50
,0.45,0.50
,0.45,0.50
,0.45,0.50
,0.45,0.50
,0.45,0.50
,0.45,0.50
,0.45,0.50
,0.45,0.50
,0.45,0.50
,0.45,0.50
,0.44,0.50
,0.45,0.50
,0.45,0.50
,0.44,0.50
,0.45,0.50
,0.45,0.50
,0.45,0.50
,0.46,0.50
,0.45,0.50
,0.45,0.50
,0.45,0.50
,0.44,0.50
,0.45,0.50
,0.46,0.50
,0.46,0.50
,0.46,0.50
,0.46,0.50
,0.46,0.50
,0.46,0.50
,0.45,0.50
,0.45,0.50
,0.46,0.50
,0.46,0.50
,0.46,0.50
,0.46,0.50
,0.46,0.50
,0.46,0.50
,0.46,0.50
,0.46,0.50
,0.46,0.50
,0.46,0.50
,0.46,0.50
,0.47,0.50
,0.46,0.50
,0.46,0.50
,0.46,0.50
,0.46,0.50
,0.45,0.50
,0.46,0.50
,0.46,0.50
,0.46,0.50
,0.46,0.50
,0.46,0.50
,0.46,0.50
,0.46,0.50
,0.46,0.50
,0.46,0.50
,0.46,0.50
,0.46,0.50
,0.47,0.50
,0.47,0.50
,0.46,0.50
,0.46,0.50
,0.46,0.50
,0.46,0.50
,0.46,0.50
,0.47,0.50
,0.47,0.50
,0.46,0.50
,0.46,0.50
,0.46,0.50
,0.45,0.50
,0.46,0.50
,0.46,0.50
,0.46,0.50
,0.47,0.50
,0.47,0.50
,0.47,0.50
,0.46,0.50
,0.47,0.50
,0.47,0.50
,0.47,0.50
,0.47,0.50
,0.47,0.50
,0.47,0.50
,0.47,0.50
,0.47,0.50
,0.46,0.50
,0.46,0.50
,0.47,0.50
,0.47,0.50
,0.47,0.50
,0.47,0.50
,0.47,-0.50
,0.47,-0.50
,0.44,-0.50
,0.41,-0.50
,0.37,-0.50
,0.31,-0.50
,0.25,-0.50
,0.19,-0.50
,0.13,-0.50
,0.06,-0.50
,0.00,-0.50
,-0.06,-0.50
,-0.11,-0.50
,-0.16,-0.50
,-0.21,-0.50
,-0.26,-0.50
,-0.30,-0.50
,-0.34,-0.50
,-0.37,-0.50
,-0.40,-0.50
,-0.42,-0.50
,-0.44,-0.50
,-0.46,-0.50
,-0.47,-0.50
,-0.47,-0.50
,-0.47,-0.50
,-0.48,-0.50
,-0.48,-0.50
,-0.49,-0.50
,-0.49,-0.50
,-0.49,-0.50
,-0.48,-0.50
,-0.47,-0.50
,-0.47,-0.50
,-0.47,-0.50
,-0.46,-0.50
,-0.45,-0.50
,-0.45,-0.50
,-0.44,-0.50
,-0.43,-0.50
,-0.44,-0.50
,-0.44,-0.50
,-0.44,-0.50
,-0.43,-0.50
,-0.44,-0.50
,-0.44,-0.50
,-0.44,-0.50
,-0.44,-0.50
,-0.44,-0.50
,-0.44,-0.50
,-0.44,-0.50
,-0.44,-0.50
,-0.44,-0.50
,-0.44,-0.50
,-0.44,-0.50
,-0.44,-0.50
,-0.45,-0.50
,-0.45,-0.50
,-0.45,-0.50
,-0.45,-0.50
,-0.45,-0.50
,-0.45,-0.50
,-0.45,-0.50
,-0.45,-0.50
,-0.45,-0.50
,-0.45,-0.50
,-0.45,-0.50
,-0.45,-0.50
,-0.45,-0.50
,-0.44,-0.50
,-0.44,-0.50
,-0.44,-0.50
,-0.44,-0.50
,-0.44,-0.50
,-0.44,-0.50
,-0.45,-0.50
,-0.44,-0.50
,-0.45,-0.50
,-0.45,-0.50
,-0.46,-0.50
,-0.46,-0.50
,-0.46,-0.50
,-0.46,-0.50
,-0.45,-0.50
,-0.45,-0.50
,-0.45,-0.50
,-0.44,-0.50
,-0.44,-0.50
,-0.44,-0.50
,-0.45,-0.50
,-0.44,-0.50
,-0.44,-0.50
,-0.45,-0.50
,-0.45,-0.50
,-0.45,-0.50
,-0.46,-0.50
,-0.46,-0.50
,-0.46,-0.50
,-0.46,-0.50
,-0.46,-0.50
,-0.46,-0.50
,-0.46,-0.50
,-0.46,-0.50
,-0.46,-0.50
,-0.46,-0.50
,-0.46,-0.50
,-0.46,-0.50
,-0.46,-0.50
,-0.46,-0.50
,-0.46,-0.50
,-0.46,-0.50
,-0.46,-0.50
,-0.46,-0.50
,-0.46,-0.50
,-0.46,-0.50
,-0.46,-0.50
,-0.46,-0.50
,-0.46,-0.50
,-0.46,-0.50
,-0.46,-0.50
,-0.46,-0.50
,-0.46,-0.50
,-0.46,-0.50
,-0.46,-0.50
,-0.46,-0.50
,-0.46,-0.50
,-0.46,-0.50
,-0.47,-0.50
,-0.47,-0.50
,-0.47,-0.50
,-0.47,-0.50
,-0.46,-0.50
,-0.46,-0.50
,-0.47,-0.50
,-0.47,-0.50
,-0.47,-0.50
,-0.47,-0.50
,-0.46,-0.50
,-0.46,-0.50
,-0.46,-0.50
,-0.46,-0.50
,-0.47,-0.50
,-0.47,-0.50
,-0.47,-0.50
,-0.47,-0.50
,-0.47,-0.50
,-0.47,-0.50
,-0.47,-0.50
,-0.47,-0.50
,-0.47,-0.50
,-0.47,-0.50
,-0.47,-0.50
,-0.47,-0.50
,-0.47,-0.50
,-0.47,-0.50
,-0.47,-0.50
,-0.46,-0.50
,-0.46,-0.50
,-0.46,-0.50
,-0.46,-0.50
,-0.47,-0.50
,-0.47,-0.50
,-0.47,-0.50
,-0.47,-0.50
,-0.46,-0.50
,-0.46,-0.50
,-0.46,-0.50
,-0.46,-0.50
,-0.47,-0.50
,-0.47,-0.50
,-0.47,-0.50
,-0.47,-0.50
,-0.47,-0.50
,-0.47,-0.50
,-0.47,-0.50
,-0.47,-0.50
,-0.47,-0.50
,-0.47,-0.50
,-0.47,-0.50
,-0.47,-0.50
,-0.47,-0.50
,-0.47,-0.50
,-0.47,-0.50
,-0.47,-0.50
,-0.46,-0.50
,-0.46,-0.50
,-0.47,-0.50
,-0.47,-0.50
,-0.46,-0.50
,-0.46,-0.50
,-0.46,-0.50
,-0.46,-0.50
,-0.47,-0.50
,-0.47,-0.50
,-0.47,-0.50
,-0.47,-0.50
,-0.47,0.50
,-0.47,0.50
,-0.45,0.50
,-0.41,0.50
,-0.36,0.50
,-0.30,0.50
,-0.24,0.50
,-0.19,0.50
,-0.12,0.50
,-0.06,0.50
,-0.00,0.50
,0.05,0.50
,0.11,0.50
,0.16,0.50
,0.21,0.50
,0.25,0.50
,0.29,0.50
,0.32,0.50
,0.35,0.50
,0.38,0.50
,0.41,0.50
,0.43,0.50
,0.44,0.50
,0.46,0.50
,0.47,0.50
,0.48,0.50
,0.48,0.50
,0.48,0.50
,0.48,0.50
,0.47,0.50
,0.47,0.50
,0.47,0.50
,0.47,0.50
,0.47,0.50
,0.46,0.50
,0.46,0.50
,0.45,0.50
,0.45,0.50
,0.44,0.50
,0.44,0.50
,0.43,0.50
,0.43,0.50
,0.43,0.50
,0.43,0.50
,0.43,0.50
,0.44,0.50
,0.44,0.50
,0.43,0.50
,0.44,0.50
,0.44,0.50
,0.43,0.50
,0.44,0.50
,0.44,0.50
,0.44,0.50
,0.44,0.50
,0.44,0.50
,0.45,0.50
,0.45,0.50
,0.45,0.50
,0.44,0.50
,0.44,0.50
,0.44,0.50
,0.44,0.50
,0.45,0.50
,0.44,0.50
,0.44,0.50
,0.45,0.50
,0.45,0.50
,0.45,0.50
,0.44,0.50
,0.44,0.50
,0.44,0.50
,0.44,0.50
,0.45,0.50
,0.45,0.50
,0.45,0.50
,0.45,0.50
,0.45,0.50
,0.45,0.50
,0.44,0.50
,0.45,0.50
,0.44,0.50
,0.44,0.50
,0.45,0.50
,0.45,0.50
,0.45,0.50
,0.45,0.50
,0.45,0.50
,0.45,0.50
,0.45,0.50
,0.44,0.50
,0.44,0.50
,0.43,0.50
,0.43,0.50
,0.43,0.50
,0.43,0.50
,0.44,0.50
,0.44,0.50
,0.44,0.50
,0.45,0.50
,0.45,0.50
,0.45,0.50
,0.46,0.50
,0.46,0.50
,0.46,0.50
,0.46,0.50
,0.45,0.50
,0.46,0.50
,0.46,0.50
,0.46,0.50
,0.46,0.50
,0.46,0.50
,0.47,0.50
,0.47,0.50
,0.47,0.50
,0.46,0.50
,0.46,0.50
,0.46,0.50
,0.46,0.50
,0.46,0.50
,0.46,0.50
,0.46,0.50
,0.46,0.50
,0.46,0.50
,0.45,0.50
,0.46,0.50
,0.45,0.50
,0.45,0.50
,0.45,0.50
,0.45,0.50
,0.45,0.50
,0.45,0.50
,0.45,0.50
,0.45,0.50
,0.46,0.50
,0.46,0.50
,0.46,0.50
,0.46,0.50
,0.45,0.50
,0.46,0.50
,0.46,0.50
,0.46,0.50
,0.46,0.50
,0.45,0.50
,0.46,0.50
,0.46,0.50
,0.45,0.50
,0.45,0.50
,0.45,0.50
,0.45,0.50
,0.45,0.50
,0.45,0.50
,0.46,0.50
,0.46,0.50
,0.46,0.50
,0.46,0.50
,0.46,0.50
,0.45,0.50
,0.46,0.50
,0.46,0.50
,0.47,0.50
,0.47,0.50
,0.47,0.50
,0.46,0.50
,0.46,0.50
,0.46,0.50
,0.46,0.50
,0.46,0.50
,0.47,0.50
,0.47,0.50
,0.47,0.50
,0.46,0.50
,0.46,0.50
,0.46,0.50
,0.46,0.50
,0.46,0.50
,0.46,0.50
,0.47,0.50
,0.47,0.50
,0.47,0.50
,0.47,0.50
,0.46,0.50
,0.46,0.50
,0.46,0.50
,0.46,0.50
,0.46,0.50
,0.47,0.50
,0.47,0.50
,0.47,0.50
,0.47,0.50
,0.47,0.50
,0.46,0.50
,0.46,0.50
,0.46,0.50
,0.47,0.50
,0.47,0.50
,0.47,0.50
,0.47,0.50
,0.47,0.50
,0.47,0.50
,0.46,0.50
,0.46,0.50
,0.47,0.50
,0.47,0.50
,0.47,0.50
,0.47,0.50
,0.46,0.50
,0.46,0.50
,0.46,0.50
,0.46,0.50
,0.47,0.50
,0.47,0.50
,0.47,0.50
,0.47,0.50
,0.47,0.50
,0.47,0.50
,0.47,0.50
,0.47,0.50
,0.47,0.50
,0.47,0.50
,0.47,0.50
,0.48,0.50
,0.47,0.50
,0.47,0.50
,0.47,0.50
,0.47,0.50
,0.47,0.50
,0.47,0.50
,0.47,0.50
,0.47,-0.50
,0.47,-0.50
,0.45,-0.50
,0.41,-0.50
,0.37,-0.50
,0.31,-0.50
,0.26,-0.50
,0.19,-0.50
,0.13,-0.50
,0.06,-0.50
,0.00,-0.50
,-0.06,-0.50
,-0.11,-0.50
,-0.16,-0.50
,-0.21,-0.50
,-0.26,-0.50
,-0.31,-0.50
,-0.34,-0.50
,-0.38,-0.50
,-0.40,-0.50
,-0.43,-0.50
,-0.45,-0.50
,-0.46,-0.50
,-0.47,-0.50
,-0.47,-0.50
,-0.47,-0.50
,-0.48,-0.50
,-0.49,-0.50
,-0.48,-0.50
,-0.49,-0.50
,-0.48,-0.50
,-0.48,-0.50
,-0.47,-0.50
,-0.47,-0.50
,-0.46,-0.50
,-0.46,-0.50
,-0.45,-0.50
,-0.44,-0.50
,-0.44,-0.50
,-0.43,-0.50
,-0.43,-0.50
,-0.43,-0.50
,-0.43,-0.50
,-0.43,-0.50
,-0.44,-0.50
,-0.43,-0.50
,-0.44,-0.50
,-0.44,-0.50
,-0.44,-0.50
,-0.44,-0.50
,-0.44,-0.50
,-0.44,-0.50
,-0.44,-0.50
,-0.44,-0.50
,-0.44,-0.50
,-0.44,-0.50
,-0.44,-0.50
,-0.45,-0.50
,-0.45,-0.50
,-0.45,-0.50
,-0.45,-0.50
,-0.45,-0.50
,-0.45,-0.50
,-0.45,-0.50
,-0.45,-0.50
,-0.45,-0.50
,-0.45,-0.50
,-0.45,-0.50
,-0.44,-0.50
,-0.44,-0.50
,-0.44,-0.50
,-0.44,-0.50
,-0.44,-0.50
,-0.44,-0.50
,-0.44,-0.50
,-0.45,-0.50
,-0.45,-0.50
,-0.45,-0.50
,-0.45,-0.50
,-0.45,-0.50
,-0.45,-0.50
,-0.46,-0.50
,-0.46,-0.50
,-0.46,-0.50
,-0.46,-0.50
,-0.45,-0.50
,-0.44,-0.50
,-0.44,-0.50
,-0.44,-0.50
,-0.44,-0.50
,-0.44,-0.50
,-0.44,-0.50
,-0.45,-0.50
,-0.45,-0.50
,-0.45,-0.50
,-0.46,-0.50
,-0.46,-0.50
,-0.46,-0.50
,-0.46,-0.50
,-0.46,-0.50
,-0.46,-0.50
,-0.46,-0.50
,-0.46,-0.50
,-0.46,-0.50
,-0.46,-0.50
,-0.45,-0.50
,-0.45,-0.50
,-0.46,-0.50
,-0.45,-0.50
,-0.45,-0.50
,-0.46,-0.50
,-0.46,-0.50
,-0.46,-0.50
,-0.46,-0.50
,-0.46,-0.50
,-0.46,-0.50
,-0.46,-0.50
,-0.46,-0.50
,-0.46,-0.50
,-0.46,-0.50
,-0.46,-0.50
,-0.46,-0.50
,-0.46,-0.50
,-0.46,-0.50
,-0.46,-0.50
,-0.46,-0.50
,-0.47,-0.50
,-0.47,-0.50
,-0.47,-0.50
,-0.47,-0.50
,-0.46,-0.50
,-0.46,-0.50
,-0.46,-0.50
,-0.46,-0.50
,-0.46,-0.50
,-0.46,-0.50
,-0.46,-0.50
,-0.46,-0.50
,-0.46,-0.50
,-0.46,-0.50
,-0.47,-0.50
,-0.47,-0.50
,-0.47,-0.50
,-0.47,-0.50
,-0.46,-0.50
,-0.46,-0.50
,-0.46,-0.50
,-0.46,-0.50
,-0.46,-0.50
,-0.47,-0.50
,-0.47,-0.50
,-0.47,-0.50
,-0.47,-0.50
,-0.46,-0.50
,-0.46,-0.50
,-0.47,-0.50
,-0.47,-0.50
,-0.46,-0.50
,-0.46,-0.50
,-0.46,-0.50
,-0.46,-0.50
,-0.46,-0.50
,-0.46,-0.50
,-0.47,-0.50
,-0.47,-0.50
,-0.46,-0.50
,-0.46,-0.50
,-0.46,-0.50
,-0.46,-0.50
,-0.47,-0.50
,-0.47,-0.50
,-0.47,-0.50
,-0.47,-0.50
,-0.46,-0.50
,-0.46,-0.50
,-0.47,-0.50
,-0.47,-0.50
,-0.47,-0.50
,-0.47,-0.50
,-0.47,-0.50
,-0.47,-0.50
,-0.47,-0.50
,-0.47,-0.50
,-0.47,-0.50
,-0.47,-0.50
,-0.47,-0.50
,-0.47,-0.50
,-0.47,-0.50
,-0.47,-0.50
,-0.46,-0.50
,-0.46,-0.50
,-0.46,-0.50
,-0.46,-0.50
,-0.47,-0.50
,-0.47,-0.50
,-0.47,-0.50
,-0.47,-0.50
,-0.47,0.50
,-0.47,0.50
,-0.45,0.50
,-0.42,0.50
,-0.37,0.50
,-0.31,0.50
,-0.25,0.50
,-0.19,0.50
,-0.12,0.50
,-0.06,0.50
,-0.00,0.50
,0.06,0.50
,0.11,0.50
,0.16,0.50
,0.21,0.50
,0.25,0.50
,0.29,0.50
,0.33,0.50
,0.36,0.50
,0.38,0.50
,0.41,0.50
,0.43,0.50
,0.44,0.50
,0.46,0.50
,0.47,0.50
,0.48,0.50
,0.48,0.50
,0.49,0.50
,0.48,0.50
,0.48,0.50
,0.48,0.50
