0.00,0.00
,0.00,0.00
,0.00,0.00
,0.00,0.00
,0.00,0.00
,0.00,0.00
,0.00,0.00
,0.00,0.00
,0.00,0.00
,0.00,0.00
,0.00,0.00
,0.00,0.00
,0.00,0.00
,0.00,0.00
,0.00,0.00
,0.00,0.00
,0.00,0.00
,0.00,0.00
,0.00,0.00
,0.00,0.00
,0.00,0.00
,0.00,0.00
,0.00,0.00
,0.00,0.00
,0.00,0.00
,0.00,0.00
,0.00,0.00
,0.00,0.00
,0.00,0.00
,0.00,0.00
,0.00,0.00
,0.00,0.00
,0.00,0.00
,0.00,0.00
,0.00,0.00
,0.00,0.00
,0.00,0.00
,0.00,0.00
,0.00,0.00
,0.00,0.00
,0.00,0.00
,0.00,0.00
,0.00,0.00
,80.13,3.61
,0.00,6.89
,0.00,6.27
,0.00,5.70
,0.00,5.19
,0.00,4.72
,0.00,4.30
,0.00,3.91
,0.00,3.56
,0.00,3.24
,80.13,6.55
,0.00,9.57
,0.00,8.71
,0.00,7.92
,0.00,7.21
,0.00,6.56
,0.00,5.97
,0.00,5.43
,80.13,8.55
,0.00,11.39
,0.00,10.36
,73.96,12.76
,0.00,14.94
,73.96,16.92
,68.68,21.82
,68.68,26.04
,68.66,29.87
,68.70,33.37
,68.68,36.55
,68.68,39.44
,68.68,42.07
,137.36,47.56
,128.21,55.23
,128.21,61.79
,128.21,67.77
,128.21,73.21
,128.21,78.16
,192.31,85.55
,128.21,92.27
,192.31,98.39
,128.21,103.96
,180.29,108.48
,180.29,114.95
,180.29,120.83
,180.29,126.18
,180.29,131.05
,180.29,135.48
,180.29,139.51
,240.38,145.89
,180.29,151.69
,240.38,156.97
,180.29,161.77
,240.38,166.14
,180.29,170.12
,240.38,173.74
,240.38,179.74
,240.38,185.19
,240.38,190.16
,240.38,194.68
,240.38,198.79
,240.38,202.54
,240.38,205.94
,240.38,209.04
,240.38,211.86
,240.38,214.43
,240.38,216.77
,300.48,221.60
,240.38,225.99
,300.48,229.99
,240.38,233.63
,300.48,236.94
,300.48,242.66
,240.38,245.16
,300.48,247.44
,240.38,249.51
,300.48,251.39
,300.48,255.81
,240.38,257.12
,300.48,258.32
,240.38,259.41
,300.48,260.40
,240.38,261.31
,300.48,262.13
,240.38,262.87
,300.48,263.56
,240.38,264.17
,300.48,264.74
,240.38,265.25
,300.48,265.72
,240.38,266.14
,300.48,266.53
,240.38,266.88
,300.48,267.20
,240.38,267.49
,300.48,267.75
,240.38,268.00
,300.48,268.21
,240.38,268.41
,300.48,268.60
,240.38,268.76
,300.48,268.91
,240.38,269.05
,300.48,269.17
,240.38,269.29
,240.38,266.69
,240.38,264.32
,240.38,262.16
,300.48,262.91
,240.38,263.59
,240.38,261.50
,240.38,259.60
,300.48,260.57
,240.38,261.46
,240.38,259.56
,240.38,257.84
,240.38,256.27
,180.29,252.13
,240.38,248.37
,240.38,247.65
,240.38,247.00
,240.38,246.40
,180.29,243.16
,240.38,240.20
,240.38,240.22
,180.29,237.53
,240.38,235.08
,240.38,235.56
,180.29,233.29
,240.38,231.22
,240.38,232.05
,180.29,230.09
,240.38,228.32
,180.29,226.70
,240.38,225.23
,240.38,226.59
,180.29,225.13
,240.38,223.80
,240.38,225.29
,180.29,223.94
,240.38,222.72
,240.38,224.31
,240.38,225.76
,240.38,227.07
,180.29,225.57
,240.38,224.20
,240.38,225.65
,240.38,226.98
,240.38,228.18
,180.29,226.58
,240.38,225.12
,240.38,226.49
,180.29,225.04
,240.38,223.71
,180.29,222.51
,240.38,221.41
,180.29,220.42
,180.29,216.81
,240.38,216.22
,180.29,215.69
,180.29,212.51
,180.29,209.61
,240.38,209.67
,180.29,209.73
,180.29,207.08
,180.29,204.67
,180.29,202.48
,180.29,200.48
,180.29,198.66
,180.29,197.01
,180.29,195.50
,180.29,194.13
,180.29,192.89
,120.19,189.05
,180.29,185.56
,180.29,185.08
,180.29,184.65
,120.19,181.55
,180.29,178.74
,180.29,178.88
,120.19,176.30
,180.29,173.95
,120.19,171.82
,180.29,169.88
,120.19,168.11
,180.29,166.50
,120.19,165.04
,120.19,161.00
,180.29,160.03
,120.19,159.15
,120.19,155.65
,120.19,152.45
,120.19,149.55
,120.19,146.91
,60.10,141.80
,128.21,137.51
,60.10,133.61
,64.10,127.17
,-192.31,109.96
,0.00,91.41
,0.00,83.18
,73.96,79.02
,0.00,75.24
,0.00,68.47
,0.00,62.31
,0.00,56.70
,0.00,51.60
,0.00,46.95
,0.00,42.73
,0.00,38.88
,0.00,35.38
,0.00,32.20
,0.00,29.30
,0.00,26.66
,0.00,24.26
,0.00,22.08
,0.00,20.09
,0.00,18.28
,0.00,16.64
,0.00,15.14
,0.00,13.78
,0.00,12.54
,0.00,11.41
,0.00,10.38
,0.00,9.45
,0.00,8.60
,0.00,7.82
,0.00,7.12
,0.00,6.48
,0.00,5.90
,0.00,5.37
,0.00,4.88
,0.00,4.44
,0.00,4.04
,0.00,3.68
,0.00,3.35
,0.00,3.05
,0.00,2.77
,0.00,2.52
,0.00,2.30
,0.00,2.09
,0.00,1.90
,0.00,1.73
,0.00,1.57
,0.00,1.43
,0.00,1.30
,0.00,1.19
,0.00,1.08
,0.00,0.98
,0.00,0.89
,0.00,0.81
,0.00,0.74
,0.00,0.67
,0.00,0.61
,0.00,0.56
,0.00,0.51
,0.00,0.46
,0.00,0.42
,0.00,0.38
,0.00,0.35
,0.00,0.32
,-80.13,-3.32
,0.00,-6.62
,0.00,-6.03
,0.00,-5.49
,0.00,-4.99
,0.00,-4.54
,-73.96,-7.46
,0.00,-10.12
,0.00,-9.21
,-73.96,-11.71
,0.00,-13.98
,-68.68,-15.81
,0.00,-17.48
,-68.68,-19.00
,-60.10,-23.08
,0.00,-23.71
,-68.68,-24.67
,-60.10,-28.24
,-60.10,-31.11
,-60.10,-33.72
,-60.10,-36.09
,-120.19,-40.96
,-56.56,-45.22
,-60.10,-46.40
,-120.19,-50.34
,-56.56,-53.76
,-120.19,-56.88
,-56.56,-59.71
,-120.19,-62.29
,-113.12,-67.19
,-113.12,-71.32
,-113.12,-75.08
,-113.12,-78.51
,-113.12,-81.62
,-169.68,-87.00
,-113.12,-91.90
,-113.12,-93.81
,-113.12,-95.55
,-169.68,-99.67
,-113.12,-103.43
,-160.26,-106.42
,-106.84,-108.86
,-160.26,-111.09
,-160.26,-115.51
,-160.26,-119.54
,-160.26,-123.20
,-106.84,-124.13
,-213.68,-127.38
,-160.26,-132.75
,-160.26,-135.22
,-160.26,-137.48
,-160.26,-139.53
,-160.26,-141.39
,-213.68,-145.49
,-160.26,-149.23
,-160.26,-150.22
,-213.68,-153.53
,-160.26,-156.54
,-213.68,-159.27
,-160.26,-161.77
,-213.68,-164.03
,-160.26,-166.10
,-213.68,-167.98
,-160.26,-169.69
,-213.68,-171.24
,-213.68,-175.06
,-160.26,-176.13
,-213.68,-177.11
,-213.68,-180.40
,-213.68,-183.39
,-213.68,-186.12
,-160.26,-186.19
,-213.68,-186.26
,-213.68,-188.73
,-213.68,-190.98
,-213.68,-193.02
,-213.68,-194.88
,-213.68,-196.57
,-213.68,-198.11
,-213.68,-199.51
,-213.68,-200.78
,-213.68,-201.95
,-213.68,-203.00
,-213.68,-203.96
,-213.68,-204.84
,-213.68,-205.63
,-213.68,-206.36
,-213.68,-207.01
,-213.68,-207.61
,-213.68,-208.16
,-213.68,-208.66
,-213.68,-209.11
,-267.09,-211.92
,-213.68,-214.48
,-213.68,-214.41
,-213.68,-214.34
,-213.68,-214.28
,-213.68,-214.23
,-267.09,-216.58
,-213.68,-218.73
,-213.68,-218.27
,-213.68,-217.86
,-267.09,-219.89
,-213.68,-221.73
,-213.68,-221.01
,-213.68,-220.35
,-267.09,-222.15
,-213.68,-223.79
,-213.68,-222.88
,-267.09,-224.46
,-213.68,-225.89
,-213.68,-224.79
,-267.09,-226.19
,-213.68,-227.47
,-267.09,-228.63
,-213.68,-229.69
,-267.09,-230.65
,-213.68,-231.53
,-267.09,-232.33
,-213.68,-233.05
,-267.09,-233.71
,-267.09,-236.72
,-267.09,-239.45
,-213.68,-239.53
,-267.09,-239.61
,-267.09,-242.08
,-213.68,-241.93
,-267.09,-241.79
,-267.09,-244.07
,-267.09,-246.14
,-267.09,-248.03
,-213.68,-247.34
,-267.09,-246.71
,-213.68,-246.14
,-267.09,-245.63
,-267.09,-247.56
,-267.09,-249.32
,-213.68,-248.51
,-267.09,-247.78
,-267.09,-249.52
,-213.68,-248.70
,-267.09,-247.95
,-267.09,-249.67
,-267.09,-251.24
,-267.09,-252.67
,-267.09,-253.97
,-213.68,-252.74
,-267.09,-251.63
,-267.09,-253.02
,-267.09,-254.29
,-213.68,-253.04
,-267.09,-251.90
,-267.09,-253.27
,-213.68,-252.11
,-267.09,-251.05
,-267.09,-252.50
,-213.68,-251.41
,-267.09,-250.41
,-267.09,-251.91
,-213.68,-250.88
,-267.09,-249.93
,-267.09,-251.48
,-213.68,-250.48
,-267.09,-249.57
,-267.09,-251.15
,-267.09,-252.58
,-267.09,-253.89
,-267.09,-255.08
,-267.09,-256.16
,-267.09,-257.14
,-267.09,-258.04
,-267.09,-258.85
,-267.09,-259.60
,-267.09,-260.27
,-213.68,-258.48
,-267.09,-256.85
,-267.09,-257.77
,-213.68,-256.21
,-267.09,-254.78
,-267.09,-255.89
,-213.68,-254.50
,-267.09,-253.23
,-213.68,-252.07
,-267.09,-251.02
,-213.68,-250.06
,-213.68,-246.79
,-267.09,-246.21
,-213.68,-245.69
,-213.68,-242.81
,-213.68,-240.18
,-267.09,-240.20
,-213.68,-240.22
,-213.68,-237.83
,-160.26,-233.25
,-213.68,-229.09
,-213.68,-227.70
,-160.26,-224.03
,-213.68,-220.70
,-160.26,-217.66
,-160.26,-212.49
,-160.26,-207.79
,-160.26,-203.51
,-160.26,-199.62
,-160.26,-196.08
,-160.26,-192.85
,-106.84,-187.52
,-160.26,-182.66
,-106.84,-178.24
,-106.84,-171.81
,-53.42,-163.56
,-56.56,-153.79
,0.00,-142.49
,64.10,-126.79
,0.00,-112.49
,-64.10,-105.25
,0.00,-98.66
,0.00,-89.78
,0.00,-81.70
,0.00,-74.35
,0.00,-67.66
,0.00,-61.57
,0.00,-56.03
,0.00,-50.99
,0.00,-46.40
,0.00,-42.22
,0.00,-38.42
,0.00,-34.96
,0.00,-31.82
,0.00,-28.95
,0.00,-26.35
,0.00,-23.98
,0.00,-21.82
,0.00,-19.85
,0.00,-18.07
,0.00,-16.44
,0.00,-14.96
,0.00,-13.62
,0.00,-12.39
,0.00,-11.27
,0.00,-10.26
,0.00,-9.34
,0.00,-8.50
,0.00,-7.73
,0.00,-7.04
,0.00,-6.40
,0.00,-5.83
,0.00,-5.30
,0.00,-4.82
,0.00,-4.39
,0.00,-4.00
,0.00,-3.64
,0.00,-3.31
,0.00,-3.01
,0.00,-2.74
,0.00,-2.49
,0.00,-2.27
,0.00,-2.06
,0.00,-1.88
,0.00,-1.71
,0.00,-1.56
,0.00,-1.42
,0.00,-1.29
,0.00,-1.17
,0.00,-1.07
,0.00,-0.97
,0.00,-0.88
,0.00,-0.80
,0.00,-0.73
,0.00,-0.67
,0.00,-0.61
,0.00,-0.55
,0.00,-0.50
,0.00,-0.46
,0.00,-0.42
,0.00,-0.38
,0.00,-0.34
,0.00,-0.31
,0.00,-0.28
,0.00,-0.26
,0.00,-0.24
,0.00,-0.21
,0.00,-0.20
