0.00,0.00
,0.00,0.00
,0.00,0.00
,0.00,0.00
,0.00,0.00
,0.00,0.00
,0.00,0.00
,0.00,0.00
,0.00,0.00
,0.00,0.00
,0.00,0.00
,0.00,0.00
,0.00,0.00
,0.00,0.00
,0.00,0.00
,0.00,0.00
,0.00,0.00
,0.00,0.00
,0.00,0.00
,0.00,0.00
,0.00,0.00
,0.00,0.00
,0.00,0.00
,0.00,0.00
,0.00,0.00
,0.00,0.00
,0.00,0.00
,0.00,0.00
,0.00,0.00
,0.00,0.00
,0.00,0.00
,0.00,0.00
,0.00,0.00
,0.00,0.00
,0.00,0.00
,0.00,0.00
,0.00,0.00
,0.00,0.00
,0.00,0.00
,0.00,0.00
,0.00,0.00
,0.00,0.00
,0.00,0.00
,0.00,0.00
,-80.13,-3.61
,-64.10,-9.77
,0.00,-11.78
,0.00,-10.72
,0.00,-9.75
,-73.96,-12.20
,0.00,-14.43
,0.00,-13.13
,-68.68,-15.04
,-60.10,-19.48
,-60.10,-23.14
,-60.10,-26.47
,-60.10,-29.49
,-120.19,-34.95
,-169.68,-44.85
,-113.12,-53.54
,-169.68,-61.45
,-169.68,-71.19
,-169.68,-80.05
,-226.24,-90.66
,-226.24,-102.87
,-267.09,-115.81
,-267.09,-129.42
,-213.68,-139.41
,-320.51,-150.90
,-213.68,-161.36
,-267.09,-168.47
,-267.09,-177.35
,-213.68,-183.02
,-213.68,-185.78
,-267.09,-190.69
,-160.26,-192.76
,-213.68,-192.24
,-160.26,-191.77
,-213.68,-191.33
,-160.26,-190.94
,-160.26,-188.18
,-160.26,-185.67
,-160.26,-183.38
,-160.26,-181.30
,-160.26,-179.40
,-160.26,-177.68
,-160.26,-176.11
,-160.26,-174.69
,-160.26,-173.39
,-160.26,-172.21
,-160.26,-171.13
,-160.26,-170.15
,-160.26,-169.26
,-213.68,-170.85
,-160.22,-172.30
,-160.29,-171.22
,-213.68,-172.64
,-160.26,-173.93
,-160.26,-172.70
,-160.26,-171.58
,-160.26,-170.56
,-213.68,-172.03
,-160.26,-173.38
,-160.26,-172.20
,-160.26,-171.12
,-213.68,-172.55
,-160.26,-173.85
,-160.26,-172.62
,-160.26,-171.51
,-213.68,-172.90
,-160.26,-174.17
,-160.26,-172.92
,-160.26,-171.78
,-160.26,-170.74
,-160.26,-169.80
,-160.26,-168.94
,-160.26,-168.16
,-160.26,-167.44
,-160.26,-166.80
,-160.26,-166.21
,-160.26,-165.67
,-160.26,-165.19
,-106.84,-162.34
,-160.26,-159.75
,-160.26,-159.79
,-106.84,-157.43
,-160.22,-155.28
,-160.29,-155.73
,-160.26,-156.14
,-160.26,-156.51
,-160.26,-156.84
,-160.26,-157.15
,-213.68,-159.84
,-160.26,-162.28
,-160.26,-162.10
,-160.26,-161.93
,-160.26,-161.78
,-160.26,-161.64
,-160.26,-161.52
,-160.26,-161.40
,-160.26,-161.30
,-160.26,-161.21
,-160.26,-161.12
,-213.58,-163.44
,-160.32,-165.56
,-160.26,-165.08
,-160.26,-164.65
,-160.26,-164.25
,-213.68,-166.30
,-160.26,-168.16
,-213.68,-169.85
,-213.68,-173.80
,-213.68,-177.38
,-213.68,-180.65
,-267.09,-186.03
,-213.68,-190.92
,-267.09,-195.37
,-267.09,-201.83
,-267.04,-207.70
,-213.72,-210.64
,-320.51,-215.72
,-267.09,-222.75
,-267.09,-226.74
,-267.09,-230.37
,-267.09,-233.68
,-267.09,-236.68
,-267.09,-239.42
,-213.68,-239.51
,-267.09,-239.59
,-267.09,-242.06
,-213.68,-241.91
,-213.68,-239.37
,-213.68,-237.06
,-213.68,-234.95
,-160.26,-230.63
,-160.26,-224.30
,-160.26,-218.54
,-160.26,-213.29
,-160.26,-208.52
,-160.26,-204.17
,-160.26,-200.22
,-106.84,-194.22
,-160.26,-188.76
,-106.84,-183.79
,-106.84,-176.87
,-160.26,-172.97
,-106.84,-169.42
,-160.26,-166.19
,-106.84,-163.25
,-106.84,-158.18
,-160.22,-155.96
,-106.86,-153.94
,-160.26,-152.11
,-106.84,-150.44
,-106.84,-146.51
,-106.84,-142.94
,-160.26,-142.10
,-53.42,-138.92
,-113.12,-133.91
,-160.26,-134.16
,-106.84,-134.11
,-53.42,-129.25
,-113.12,-125.11
,-106.84,-123.75
,-106.84,-122.23
,-53.42,-118.44
,-113.12,-115.27
,-106.84,-114.80
,-53.42,-111.68
,-113.12,-109.12
,-53.42,-106.79
,-113.12,-104.68
,-53.42,-102.75
,0.00,-95.91
,-68.68,-90.37
,0.00,-85.32
,0.00,-77.64
,0.00,-70.66
,0.00,-64.30
,0.00,-58.51
,0.00,-53.24
,0.00,-48.45
,0.00,-44.09
,0.00,-40.12
,0.00,-36.51
,0.00,-33.23
,0.00,-30.24
,0.00,-27.51
,0.00,-25.04
,0.00,-22.78
,0.00,-20.73
,0.00,-18.87
,0.00,-17.17
,0.00,-15.62
,0.00,-14.22
,0.00,-12.94
,0.00,-11.77
,0.00,-10.71
,0.00,-9.75
,0.00,-8.87
,0.00,-8.07
,0.00,-7.35
,0.00,-6.69
,0.00,-6.08
,0.00,-5.54
,0.00,-5.04
,0.00,-4.59
,0.00,-4.17
,73.96,-0.47
,0.00,2.90
,0.00,2.64
,0.00,2.40
,0.00,2.19
,80.13,5.60
,0.00,8.70
,0.00,7.92
,0.00,7.20
,0.00,6.55
,0.00,5.96
,0.00,5.43
,80.13,8.55
,0.00,11.38
,0.00,10.36
,0.00,9.43
,0.00,8.58
,0.00,7.81
,80.13,10.71
,0.00,13.35
,0.00,12.15
,0.00,11.06
,0.00,10.06
,0.00,9.16
,0.00,8.33
,0.00,7.58
,0.00,6.90
,0.00,6.28
,0.00,5.71
,0.00,5.20
,0.00,4.73
,0.00,4.31
,0.00,3.92
,0.00,3.57
,0.00,3.24
,0.00,2.95
,80.13,6.29
,0.00,9.33
,0.00,8.49
,80.13,11.33
,0.00,13.92
,73.96,15.99
,0.00,17.88
,73.96,19.60
,68.68,24.26
,68.68,28.26
,68.68,31.89
,68.68,35.20
,137.36,41.31
,64.10,46.66
,68.68,48.43
,137.36,53.35
,64.10,57.61
,68.68,58.40
,137.36,62.42
,64.10,65.87
,68.68,65.91
,68.68,66.16
,137.36,69.48
,64.10,72.29
,137.36,74.85
,64.10,77.18
,68.68,76.21
,68.68,75.53
,137.36,78.01
,64.10,80.05
,137.36,81.91
,64.10,83.61
,68.68,82.06
,137.36,83.94
,64.10,85.46
,137.36,86.83
,128.21,90.97
,128.21,94.32
,128.21,97.37
,128.21,100.14
,120.19,102.31
,120.19,103.92
,180.29,108.09
,120.19,111.88
,180.29,115.33
,180.29,121.18
,120.19,123.79
,180.29,126.17
,180.29,131.04
,180.29,135.48
,180.29,139.51
,180.29,143.18
,180.29,146.52
,180.29,149.56
,180.29,152.32
,180.29,154.84
,240.38,159.84
,180.29,164.38
,240.38,168.52
,180.29,172.28
,180.29,173.00
,240.38,176.36
,180.29,179.42
,180.29,179.50
,240.38,182.27
,180.29,184.80
,180.29,184.39
,180.29,184.02
,240.38,186.39
,180.29,188.55
,180.29,187.80
,180.29,187.13
,180.29,186.51
,180.29,185.95
,180.29,185.44
,120.19,182.27
,180.29,179.39
,120.19,176.77
,180.29,174.38
,120.19,172.21
,120.19,167.53
,120.19,163.27
,120.19,159.39
,120.19,155.86
,120.19,152.65
,120.19,149.73
,120.19,147.07
,120.19,144.65
,120.19,142.45
,120.19,140.45
,120.19,138.62
,120.19,136.97
,120.19,135.46
,120.19,134.08
,120.19,132.83
,120.19,131.69
,120.19,130.66
,120.19,129.72
,120.19,128.86
,120.19,128.08
,180.29,130.07
,180.29,134.59
,120.19,136.00
,240.38,139.99
,180.29,146.32
,240.38,152.08
,180.29,157.32
,240.38,162.09
,240.38,169.14
,240.38,175.55
,300.48,184.09
,240.38,191.86
,240.38,196.23
,300.48,202.91
,240.38,208.99
,300.48,214.52
,240.38,219.55
,300.48,224.13
,300.48,231.00
,300.48,237.25
,240.38,240.24
,300.48,242.96
,240.38,245.43
,240.38,244.98
,300.48,247.27
,240.38,249.35
,240.38,248.54
,300.48,250.51
,240.38,252.31
,240.38,251.23
,300.48,252.96
,240.38,254.53
,240.38,253.26
,240.38,252.10
,300.48,253.75
,300.48,257.96
,240.38,259.08
,240.38,257.40
,300.48,258.57
,240.38,259.64
,300.48,260.61
,240.38,261.49
,300.48,262.30
,300.48,265.73
,240.38,266.16
,240.38,263.84
,300.48,264.43
,240.38,264.97
,240.38,262.76
,240.38,260.75
,300.48,261.62
,240.38,262.41
,240.38,260.43
,300.48,261.33
,240.38,262.15
,300.48,262.89
,240.38,263.57
,300.48,264.19
,300.48,267.46
,240.38,267.72
,300.48,267.97
,300.48,270.89
,240.38,270.85
,300.48,270.81
,300.48,273.48
,240.38,273.21
,300.48,272.96
,300.48,275.44
,240.38,274.99
,300.48,274.58
,300.48,276.91
,240.38,276.33
,240.38,273.09
,300.48,272.85
,300.48,275.34
,240.38,274.90
,240.38,271.79
,300.48,271.67
,240.38,271.56
,180.29,266.05
,240.38,261.03
,180.29,256.47
,240.38,252.32
,180.29,248.54
,120.19,239.69
,180.29,231.64
,120.19,224.32
,120.19,214.95
,120.19,206.42
,120.19,198.66
,120.19,191.60
,60.10,182.46
,128.21,174.52
,60.10,167.28
,64.10,157.82
,64.10,149.38
,64.10,141.71
,64.10,134.72
,64.10,128.37
,64.10,122.58
,0.00,114.44
,68.68,107.23
,0.00,100.67
,0.00,91.61
,0.00,83.36
,0.00,75.86
,0.00,69.03
,0.00,62.82
,0.00,57.17
,0.00,52.02
,0.00,47.34
,0.00,43.08
,0.00,39.20
,0.00,35.67
,0.00,32.46
,0.00,29.54
,0.00,26.88
,0.00,24.46
,0.00,22.26
,0.00,20.26
,0.00,18.43
,0.00,16.78
,0.00,15.27
,0.00,13.89
,0.00,12.64
,0.00,11.50
,0.00,10.47
,0.00,9.53
,0.00,8.67
,0.00,7.89
,0.00,7.18
,0.00,6.53
,0.00,5.94
,0.00,5.41
,0.00,4.92
,0.00,4.48
,0.00,4.08
,0.00,3.71
,0.00,3.38
,0.00,3.07
,0.00,2.80
,0.00,2.54
,0.00,2.31
,0.00,2.11
,0.00,1.92
,0.00,1.74
,0.00,1.59
,0.00,1.44
,0.00,1.31
,0.00,1.20
,0.00,1.09
,0.00,0.99
,0.00,0.90
,0.00,0.82
,0.00,0.75
,0.00,0.68
,0.00,0.62
,0.00,0.56
,0.00,0.51
,0.00,0.47
,0.00,0.42
,0.00,0.39
,0.00,0.35
,0.00,0.32
,0.00,0.29
,0.00,0.26
,0.00,0.24
,0.00,0.22
,0.00,0.20
,0.00,0.18
,0.00,0.17
,0.00,0.15
,0.00,0.14
,0.00,0.12
,0.00,0.11
,0.00,0.10
,0.00,0.09
,0.00,0.09
,0.00,0.08
,0.00,0.07
,0.00,0.06
,0.00,0.06
,0.00,0.05
,0.00,0.05
,0.00,0.04
,0.00,0.04
,0.00,0.04
,0.00,0.03
,0.00,0.03
,0.00,0.03
,0.00,0.03
,0.00,0.02
,0.00,0.02
,0.00,0.02
,0.00,0.02
,0.00,0.02
,0.00,0.01
,0.00,0.01
,0.00,0.01
,0.00,0.01
,0.00,0.01
,0.00,0.01
,0.00,0.01
,0.00,0.01
,0.00,0.01
,0.00,0.01
,0.00,0.01
,0.00,0.01
,0.00,0.00
,0.00,0.00
,0.00,0.00
,0.00,0.00
,0.00,0.00
,0.00,0.00
,0.00,0.00
,0.00,0.00
,0.00,0.00
,0.00,0.00
,0.00,0.00
,0.00,0.00
,0.00,0.00
,0.00,0.00
