0.00,0.00
,0.00,0.00
,0.00,0.00
,0.00,0.00
,0.00,0.00
,0.00,0.00
,0.00,0.00
,0.00,0.00
,0.00,0.00
,0.00,0.00
,0.00,0.00
,0.00,0.00
,0.00,0.00
,0.00,0.00
,0.00,0.00
,0.00,0.00
,0.00,0.00
,0.00,0.00
,0.00,0.00
,0.00,0.00
,0.00,0.00
,0.00,0.00
,0.00,0.00
,0.00,0.00
,0.00,0.00
,0.00,0.00
,0.00,0.00
,0.00,0.00
,0.00,0.00
,0.00,0.00
,0.00,0.00
,0.00,0.00
,0.00,0.00
,0.00,0.00
,0.00,0.00
,0.00,0.00
,0.00,0.00
,0.00,0.00
,0.00,0.00
,0.00,0.00
,0.00,0.00
,0.00,0.00
,0.00,0.00
,0.00,0.00
,0.00,0.00
,0.00,0.00
,0.00,0.00
,0.00,0.00
,0.00,0.00
,0.00,0.00
,0.00,0.00
,0.00,0.00
,0.00,0.00
,0.00,0.00
,0.00,0.00
,0.00,0.00
,0.00,0.00
,0.00,0.00
,0.00,0.00
,0.00,0.00
,0.00,0.00
,0.00,0.00
,0.00,0.00
,0.00,0.00
,0.00,0.00
,0.00,0.00
,0.00,0.00
,0.00,0.00
,0.00,0.00
,0.00,0.00
,0.00,0.00
,0.00,0.00
,80.13,4.73
,147.93,17.63
,64.10,28.06
,0.00,28.53
,0.00,25.16
,0.00,22.19
,0.00,19.57
,0.00,17.26
,73.96,19.59
,0.00,21.64
,0.00,19.09
,0.00,16.84
,0.00,14.85
,0.00,13.10
,0.00,11.55
,0.00,10.19
,73.96,13.35
,0.00,16.14
,0.00,14.23
,0.00,12.55
,0.00,11.07
,0.00,9.77
,0.00,8.61
,80.13,12.33
,0.00,15.60
,73.96,18.12
,0.00,20.35
,0.00,17.95
,73.96,20.19
,0.00,22.17
,73.96,23.92
,68.68,29.51
,68.68,34.14
,68.66,38.21
,68.70,41.81
,68.68,44.98
,68.68,47.78
,137.36,54.30
,64.10,59.77
,137.36,64.61
,128.21,72.65
,64.10,75.43
,137.36,78.41
,128.21,84.83
,128.21,89.95
,128.21,94.46
,192.31,102.22
,120.19,108.60
,180.29,113.51
,120.19,117.85
,180.29,121.67
,120.19,125.04
,180.29,128.01
,180.29,134.18
,120.19,136.08
,180.29,137.75
,180.29,142.77
,180.29,147.20
,180.29,151.10
,120.19,151.00
,180.29,150.91
,180.29,154.38
,180.29,157.43
,180.29,160.13
,180.29,162.51
,240.38,168.15
,180.29,173.13
,180.29,173.98
,180.29,174.72
,240.38,178.92
,180.29,182.63
,240.38,185.90
,180.29,188.78
,240.38,191.33
,180.29,193.57
,240.38,195.55
,180.29,197.29
,240.38,198.83
,240.38,203.74
,240.38,208.06
,180.29,208.33
,240.38,208.57
,240.38,212.32
,240.38,215.63
,240.38,218.55
,240.38,221.13
,240.38,223.40
,240.38,225.41
,240.38,227.17
,240.38,228.73
,180.29,226.56
,240.38,224.65
,240.38,226.50
,240.38,228.14
,180.29,226.04
,240.38,224.19
,180.29,222.55
,240.38,221.11
,240.38,223.39
,180.29,221.85
,240.38,220.49
,240.38,222.84
,240.38,224.91
,180.29,223.19
,240.38,221.67
,240.38,223.88
,180.29,222.28
,240.38,220.87
,180.29,219.63
,240.38,218.53
,240.38,221.11
,180.29,219.84
,240.38,218.72
,240.38,221.27
,180.29,219.98
,240.38,218.85
,240.38,221.39
,240.38,223.63
,180.29,222.06
,240.38,220.68
,240.38,223.00
,240.38,225.05
,180.29,223.32
,240.38,221.79
,180.29,220.43
,240.38,219.24
,240.38,221.74
,180.29,220.39
,240.38,219.21
,240.38,221.70
,180.29,220.36
,240.38,219.18
,180.29,218.14
,180.29,213.67
,240.38,213.28
,180.29,212.93
,240.38,212.62
,180.29,212.35
,180.29,208.57
,180.29,205.23
,240.38,205.84
,180.29,206.37
,180.29,203.29
,180.29,200.58
,180.29,198.18
,240.38,199.62
,180.29,200.88
,180.29,198.45
,240.38,199.85
,180.29,201.09
,180.29,198.64
,180.29,196.47
,240.38,198.11
,180.29,199.55
,180.29,197.28
,180.29,195.27
,240.38,197.05
,180.29,198.62
,180.29,196.46
,240.38,198.09
,180.29,199.54
,180.29,197.27
,240.38,198.81
,180.29,200.17
,180.29,197.82
,180.29,195.75
,180.29,193.93
,240.38,195.87
,180.29,197.57
,180.29,195.53
,180.29,193.73
,180.29,192.15
,240.38,194.29
,180.29,196.19
,180.29,194.31
,180.29,192.66
,180.29,191.20
,180.29,189.91
,180.29,188.77
,180.29,187.77
,180.29,186.89
,180.20,186.11
,120.25,181.87
,180.29,178.14
,180.29,178.40
,180.29,178.62
,180.29,178.82
,180.29,178.99
,180.29,179.14
,180.29,179.28
,180.29,179.40
,180.29,179.50
,120.19,176.05
,180.29,173.00
,180.29,173.86
,120.19,171.08
,180.29,168.62
,120.19,166.45
,120.19,160.99
,180.29,159.72
,120.19,158.60
,120.19,154.07
,120.19,150.07
,120.19,146.55
,60.10,139.89
,128.21,134.49
,60.10,129.73
,128.21,125.53
,60.10,121.83
,64.10,114.78
,64.10,108.80
,64.10,103.53
,64.10,98.88
,68.68,95.04
,0.00,87.88
,73.94,81.87
,0.00,76.57
,73.96,71.90
,0.00,67.78
,0.00,59.78
,0.00,52.73
,0.00,46.51
,0.00,41.02
,0.00,36.18
,0.00,31.91
,0.00,28.14
,0.00,24.82
,0.00,21.89
,0.00,19.31
,-73.96,12.67
,-64.10,3.03
,0.00,-1.11
,-73.96,-5.34
,0.00,-9.08
,-73.96,-12.37
,0.00,-15.27
,0.00,-13.47
,0.00,-11.88
,0.00,-10.48
,0.00,-9.24
,-73.96,-12.52
,0.00,-15.40
,0.00,-13.59
,0.00,-11.98
,0.00,-10.57
,0.00,-9.32
,0.00,-8.22
,0.00,-7.25
,0.00,-6.40
,0.00,-5.64
,-73.96,-9.34
,0.00,-12.60
,0.00,-11.11
,0.00,-9.80
,0.00,-8.65
,0.00,-7.63
,0.00,-6.73
,0.00,-5.93
,0.00,-5.23
,0.00,-4.61
,0.00,-4.07
,0.00,-3.59
,0.00,-3.17
,0.00,-2.79
,0.00,-2.46
,0.00,-2.17
,0.00,-1.92
,-73.96,-6.05
,0.00,-9.70
,0.00,-8.56
,-73.96,-11.91
,0.00,-14.87
,-68.68,-17.17
,-60.10,-22.74
,0.00,-23.60
,-68.68,-24.87
,-60.10,-29.53
,-60.10,-33.14
,-120.19,-39.87
,-56.56,-45.59
,-120.19,-50.64
,-56.56,-55.09
,-120.19,-59.02
,-113.12,-65.82
,-113.12,-71.40
,-113.12,-76.33
,-113.12,-80.67
,-113.12,-84.50
,-169.68,-91.21
,-113.12,-97.13
,-169.68,-102.36
,-160.26,-109.75
,-160.26,-115.71
,-160.26,-120.96
,-160.26,-125.60
,-160.26,-129.69
,-160.26,-133.30
,-160.26,-136.48
,-213.68,-142.44
,-160.26,-147.69
,-160.26,-149.17
,-213.68,-153.63
,-213.68,-160.72
,-160.26,-163.81
,-213.68,-166.55
,-160.26,-168.96
,-213.68,-171.08
,-213.68,-176.11
,-213.68,-180.54
,-213.68,-184.45
,-213.68,-187.90
,-213.68,-190.94
,-213.68,-193.62
,-267.09,-199.14
,-213.68,-204.01
,-267.09,-208.30
,-213.63,-212.08
,-267.15,-215.42
,-213.68,-218.37
,-213.68,-217.82
,-267.09,-220.48
,-213.68,-222.83
,-267.09,-224.90
,-213.68,-226.73
,-267.09,-228.34
,-267.09,-232.91
,-213.68,-233.79
,-267.09,-234.57
,-213.68,-235.26
,-213.68,-232.71
,-267.09,-233.62
,-213.68,-234.42
,-267.09,-235.12
,-267.09,-238.89
,-213.68,-239.07
,-267.09,-239.22
,-213.68,-239.36
,-267.09,-239.48
,-213.68,-239.59
,-267.09,-239.68
,-267.09,-242.92
,-213.68,-242.62
,-213.68,-239.20
,-267.09,-239.34
,-213.68,-239.47
,-267.09,-239.57
,-213.68,-239.67
,-267.09,-239.75
,-213.63,-239.83
,-267.15,-239.89
,-213.68,-239.95
,-213.68,-236.85
,-213.68,-234.12
,-267.09,-234.86
,-213.68,-235.51
,-267.09,-236.08
,-213.68,-236.59
,-213.68,-233.89
,-213.68,-231.50
,-213.68,-229.40
,-267.09,-230.70
,-213.68,-231.84
,-267.09,-232.85
,-213.68,-233.74
,-213.68,-231.37
,-267.09,-232.43
,-213.68,-233.37
,-267.09,-234.20
,-213.68,-234.93
,-267.09,-235.57
,-267.09,-239.29
,-213.68,-239.42
,-267.09,-239.53
,-213.68,-239.64
,-267.09,-239.72
,-213.68,-239.80
,-267.09,-239.87
,-267.09,-243.08
,-213.68,-242.76
,-267.09,-242.48
,-213.63,-242.23
,-267.15,-242.02
,-213.68,-241.83
,-267.09,-241.66
,-213.68,-241.51
,-213.68,-238.22
,-267.09,-238.48
,-213.68,-238.70
,-267.09,-238.90
,-213.68,-239.08
,-267.09,-239.23
,-213.68,-239.37
,-267.09,-239.49
,-213.68,-239.59
,-267.09,-239.69
,-213.68,-239.77
,-267.09,-239.84
,-267.09,-243.06
,-213.68,-242.74
,-267.09,-242.46
,-267.09,-245.37
,-213.68,-244.78
,-267.09,-244.26
,-267.09,-246.96
,-213.68,-246.18
,-267.09,-245.50
,-267.09,-248.05
,-267.09,-250.29
,-267.09,-252.28
,-213.68,-250.87
,-267.09,-249.64
,-267.09,-251.70
,-267.04,-253.51
,-213.72,-251.96
,-267.09,-250.60
,-267.09,-252.54
,-267.09,-254.26
,-267.09,-255.77
,-267.09,-257.11
,-267.09,-258.29
,-267.09,-259.33
,-320.51,-263.40
,-267.09,-266.98
,-267.09,-267.00
,-267.09,-267.01
,-267.09,-267.02
,-267.09,-267.03
,-267.09,-267.04
,-267.09,-267.04
,-267.09,-267.05
,-267.09,-267.05
,-213.68,-263.91
,-267.09,-261.13
,-267.09,-261.83
,-267.09,-262.46
,-267.09,-263.00
,-213.68,-260.33
,-267.09,-257.98
,-267.09,-259.06
,-267.09,-260.00
,-267.09,-260.84
,-267.09,-261.58
,-267.09,-262.23
,-267.09,-262.80
,-267.04,-263.31
,-267.15,-263.75
,-267.09,-264.15
,-267.09,-264.50
,-267.09,-264.80
,-267.09,-265.07
,-267.09,-265.31
,-267.09,-265.52
,-213.68,-262.56
,-267.09,-259.94
,-267.09,-260.78
,-266.98,-261.52
,-213.77,-259.03
,-267.09,-256.83
,-267.09,-258.04
,-213.68,-255.96
,-267.09,-254.12
,-213.68,-252.50
,-267.09,-251.07
,-213.68,-249.81
,-267.09,-248.70
,-213.68,-247.72
,-267.09,-246.85
,-213.68,-246.09
,-213.68,-242.26
,-213.68,-238.89
,-213.68,-235.92
,-213.68,-233.29
,-213.68,-230.98
,-213.68,-228.93
,-160.26,-223.98
,-213.68,-219.61
,-160.22,-215.76
,-213.72,-212.36
,-160.26,-209.37
,-160.26,-203.57
,-106.84,-195.31
,-160.26,-188.02
,-106.84,-181.59
,-106.84,-172.77
,-106.84,-164.99
,-53.42,-154.98
,0.00,-139.84
,128.21,-115.78
,-56.56,-97.89
,-60.10,-93.22
,0.00,-85.77
,0.00,-75.65
,0.00,-66.72
,0.00,-58.85
,0.00,-51.90
,0.00,-45.78
,0.00,-40.38
,0.00,-35.61
,0.00,-31.41
,0.00,-27.70
,0.00,-24.43
,0.00,-21.55
,0.00,-19.01
,0.00,-16.77
,0.00,-14.79
,0.00,-13.04
,0.00,-11.50
,0.00,-10.15
,0.00,-8.95
,0.00,-7.89
,0.00,-6.96
,0.00,-6.14
,0.00,-5.42
,0.00,-4.78
,0.00,-4.21
,0.00,-3.72
,0.00,-3.28
,0.00,-2.89
,0.00,-2.55
,0.00,-2.25
,0.00,-1.98
,0.00,-1.75
,0.00,-1.54
,0.00,-1.36
,0.00,-1.20
,0.00,-1.06
,0.00,-0.93
,0.00,-0.82
,0.00,-0.73
,0.00,-0.64
,0.00,-0.57
,0.00,-0.50
,0.00,-0.44
,0.00,-0.39
,0.00,-0.34
,0.00,-0.30
,0.00,-0.27
,0.00,-0.23
,0.00,-0.21
,0.00,-0.18
,0.00,-0.16
,0.00,-0.14
,0.00,-0.13
,0.00,-0.11
,0.00,-0.10
,0.00,-0.09
,0.00,-0.08
,0.00,-0.07
,0.00,-0.06
,0.00,-0.05
,0.00,-0.05
,0.00,-0.04
,0.00,-0.04
,0.00,-0.03
,0.00,-0.03
,0.00,-0.02
,0.00,-0.02
,0.00,-0.02
,0.00,-0.02
,0.00,-0.01
,0.00,-0.01
,0.00,-0.01
,0.00,-0.01
,0.00,-0.01
,0.00,-0.01
,0.00,-0.01
,0.00,-0.01
,0.00,-0.01
,0.00,-0.00
,0.00,-0.00
,0.00,-0.00
,0.00,-0.00
